100 854119078
150 792290243
200 870556188
250 808901237
300 894508558
350 836413880
400 853780504
450 934090876
500 940064743
550 871145083
600 956183631
650 980301435
700 982647387
750 916014698
800 922135230
850 1037573909
900 949803831
950 1039685773
1000 1050430071
1050 959853942
1100 1059694056
1150 1075610595
1200 996854992
1400 1045686997
1600 1169709253
1800 1134157621
2000 1255119526
2200 1287548208
2400 1328602975
2600 1270290335
2800 1308092843
3000 1457123729
3200 1503520948
3400 1540625558
3600 1586651176
3800 1488547124
4000 1573978672
4200 1566561276
4400 1758963027
4600 1635650127
4800 1836160127
5000 1874448450
