100 64238247
150 96150496
200 135325672
250 176394853
300 213153469
350 251581327
400 290030032
450 317002418
500 375757292
550 422111795
600 489125736
650 517912170
700 650243281
750 734307723
800 839136084
850 906985990
900 939466754
950 1043828990
1000 1139359437
1050 1204639979
1100 1412069038
1150 1400371528
1200 1519706050
1400 1934968673
1600 2637685479
1800 2981051310
2000 3759756425
2200 4222633788
2400 5022679421
2600 5898466452
2800 7052923066
3000 7353812960
3200 8252038000
3400 9212740948
3600 10329352827
3800 11460459885
4000 12611192025
4200 14364025590
4400 15151720274
4600 16797922327
4800 18018225569
5000 19250520787

