100 55691371
150 103550981
200 156480740
250 221444260
300 296111700
350 415142854
400 528163390
450 616684788
500 741930541
550 949698653
600 1046529305
650 1196344236
700 1388614106
750 1704391022
800 1925355912
850 2099823898
900 2420218406
950 2471048613
1000 2703710066
1050 2975963610
1100 3257804307
1150 3550795605
1200 4200638941
1400 5671016436
1600 7201500931
1800 9255202484
2000 10443554128
2200 12617821812
2400 15257950733
2600 18179089857
2800 20948883467
3000 23765846160
3200 26390278261
3400 30927574512
3600 34526028614
3800 37550577918
4000 41141825738
4200 47166526430
4400 49914584992
4600 54347233305
4800 59736585970
5000 63916094689
